out: tensor([[9.9607e-01, 1.8459e-03, 2.0843e-03],
        [9.9341e-01, 4.9392e-03, 1.6484e-03],
        [9.9623e-01, 2.0819e-04, 3.5612e-03],
        [9.9917e-01, 6.9232e-05, 7.5825e-04],
        [9.9908e-01, 5.5565e-04, 3.6143e-04],
        [9.9522e-01, 1.3122e-04, 4.6523e-03],
        [9.3366e-01, 3.4150e-02, 3.2193e-02],
        [9.7628e-01, 1.6207e-03, 2.2095e-02],
        [9.1989e-01, 6.1696e-03, 7.3942e-02],
        [9.9803e-01, 2.5382e-05, 1.9406e-03],
        [9.3983e-01, 4.0372e-04, 5.9769e-02],
        [9.0651e-01, 8.9591e-03, 8.4535e-02],
        [9.9923e-01, 1.8922e-04, 5.8506e-04],
        [9.9838e-01, 6.9362e-04, 9.2602e-04],
        [9.9952e-01, 1.3204e-04, 3.4429e-04],
        [9.9999e-01, 1.4013e-06, 1.1546e-05],
        [9.6173e-01, 2.8668e-03, 3.5401e-02],
        [9.8220e-01, 7.1602e-03, 1.0635e-02],
        [9.7402e-01, 6.5779e-03, 1.9407e-02],
        [9.2240e-01, 5.0439e-02, 2.7161e-02],
        [9.9901e-01, 1.6931e-04, 8.2462e-04],
        [9.9918e-01, 1.0052e-04, 7.1867e-04],
        [9.9999e-01, 1.5752e-06, 1.2363e-05],
        [9.9924e-01, 1.0583e-05, 7.5298e-04],
        [9.9704e-01, 1.6398e-03, 1.3175e-03],
        [9.5161e-01, 2.1980e-02, 2.6406e-02],
        [9.9972e-01, 3.2729e-05, 2.4960e-04],
        [9.8208e-01, 5.8112e-04, 1.7336e-02],
        [9.7658e-01, 4.8796e-03, 1.8537e-02],
        [9.5995e-01, 6.1508e-03, 3.3896e-02],
        [9.9998e-01, 1.6276e-05, 6.6465e-06],
        [9.8163e-01, 1.6262e-02, 2.1047e-03],
        [9.9983e-01, 6.8435e-05, 9.9864e-05],
        [9.9544e-01, 2.8887e-04, 4.2678e-03],
        [9.6972e-01, 8.5356e-03, 2.1746e-02],
        [9.6287e-01, 4.2798e-03, 3.2848e-02],
        [9.9486e-01, 4.2504e-04, 4.7125e-03],
        [9.9893e-01, 2.9283e-04, 7.8060e-04],
        [9.9976e-01, 4.6105e-05, 1.9192e-04],
        [9.8597e-01, 2.7894e-03, 1.1240e-02],
        [9.6681e-01, 1.0827e-03, 3.2102e-02],
        [9.4871e-01, 2.7230e-03, 4.8562e-02],
        [9.8729e-01, 5.8352e-04, 1.2126e-02],
        [9.8356e-01, 3.7013e-03, 1.2741e-02],
        [9.8535e-01, 4.4360e-04, 1.4205e-02],
        [9.9930e-01, 6.0074e-05, 6.3789e-04],
        [9.7882e-01, 4.0420e-03, 1.7143e-02],
        [9.8308e-01, 2.5676e-04, 1.6660e-02],
        [9.8289e-01, 5.4486e-04, 1.6566e-02],
        [9.9688e-01, 1.2684e-03, 1.8558e-03],
        [9.9853e-01, 2.4769e-04, 1.2203e-03],
        [8.9282e-01, 3.6323e-03, 1.0355e-01],
        [9.6278e-01, 1.0309e-02, 2.6915e-02],
        [9.6712e-01, 6.9601e-04, 3.2186e-02],
        [9.9885e-01, 9.9003e-04, 1.6464e-04],
        [9.9971e-01, 1.3594e-05, 2.7700e-04],
        [9.9951e-01, 4.1507e-05, 4.4744e-04],
        [9.9761e-01, 3.1934e-04, 2.0750e-03],
        [9.9116e-01, 1.0720e-03, 7.7675e-03],
        [9.6187e-01, 1.5206e-02, 2.2927e-02],
        [9.9229e-01, 6.9419e-04, 7.0110e-03],
        [8.9789e-01, 9.1483e-02, 1.0625e-02],
        [9.9998e-01, 8.1326e-06, 1.2461e-05],
        [9.8988e-01, 4.8693e-03, 5.2542e-03]], grad_fn=<SoftmaxBackward>)
batch_y: [0 0 0 0 0 0 0 0 0 0 0 0 0 0 0 0 0 0 0 0 0 0 0 0 0 0 0 0 0 0 0 0 0 0 0 0 0
 0 0 0 0 0 0 0 0 0 0 0 0 0 0 0 0 0 0 0 0 0 0 0 0 0 0 0]
pred: [0 0 0 0 0 0 0 0 0 0 0 0 0 0 0 0 0 0 0 0 0 0 0 0 0 0 0 0 0 0 0 0 0 0 0 0 0
 0 0 0 0 0 0 0 0 0 0 0 0 0 0 0 0 0 0 0 0 0 0 0 0 0 0 0]
