y_true: [0, 0, 0, 0, 0, 0, 0, 0, 0, 0, 0, 0, 0, 0, 0, 0, 0, 0, 0, 0, 0, 0, 0, 0, 0, 0, 0, 0, 0, 0, 0, 0, 0, 0, 0, 0, 0, 0, 0, 0, 0, 0, 0, 0, 0, 0, 0, 0, 0, 0, 0, 0, 0, 0, 0, 0, 0, 0, 0, 0, 0, 0, 0, 0]
y_score: [0.9960697889328003, 0.9934125542640686, 0.9962305426597595, 0.9991725087165833, 0.9990829229354858, 0.9952164888381958, 0.933657705783844, 0.9762846827507019, 0.9198880195617676, 0.9980340600013733, 0.9398272037506104, 0.9065062999725342, 0.9992256164550781, 0.9983803033828735, 0.9995236396789551, 0.999987006187439, 0.9617322087287903, 0.9822046160697937, 0.9740155935287476, 0.9224007725715637, 0.9990060925483704, 0.9991807341575623, 0.9999860525131226, 0.9992364645004272, 0.997042715549469, 0.9516133666038513, 0.999717652797699, 0.9820832014083862, 0.9765833616256714, 0.959953248500824, 0.9999769926071167, 0.9816328287124634, 0.9998316764831543, 0.9954433441162109, 0.9697181582450867, 0.9628725051879883, 0.9948624968528748, 0.99892657995224, 0.9997619986534119, 0.9859710335731506, 0.9668149948120117, 0.9487149715423584, 0.9872909188270569, 0.9835581183433533, 0.9853512048721313, 0.9993020296096802, 0.9788151383399963, 0.9830837249755859, 0.98288893699646, 0.9968758821487427, 0.9985319375991821, 0.8928202390670776, 0.9627760648727417, 0.967117965221405, 0.9988452196121216, 0.99970942735672, 0.9995111227035522, 0.9976056814193726, 0.9911604523658752, 0.9618673920631409, 0.9922946691513062, 0.8978918790817261, 0.9999793767929077, 0.9898765683174133]
